16 16
18 0 0 19
18 0 0 20
21 0 0 19
19 0 0 21
16 18 0 18
6 18 0 21
15 18 0 18
15 18 0 22
3 18 0 19
4 18 0 20
9 18 0 21
14 18 0 20
14 18 0 22
5 18 0 20
6 21 0 18
2 21 0 19
17 21 0 22
1 21 0 22
4 21 0 21
9 21 0 21
8 21 0 20
10 21 0 18
10 21 0 22
11 21 0 18
5 21 0 18
16 19 0 21
16 19 0 19
6 19 0 19
2 19 0 19
4 19 0 22
9 19 0 21
11 19 0 19
14 19 0 21
14 19 0 20
7 19 0 22
13 19 0 20
2 20 0 18
12 20 0 22
3 20 0 22
1 20 0 21
1 20 0 19
9 20 0 18
9 20 0 21
9 20 0 19
8 20 0 18
11 20 0 20
14 20 0 20
7 20 0 20
16 22 0 22
6 22 0 18
6 22 0 21
15 22 0 18
4 22 0 20
8 22 0 20
8 22 0 22
14 22 0 19
7 22 0 18
7 22 0 22
5 22 0 21
13 22 0 19
15 16 16 2
17 16 16 4
6 6 16 12
16 2 16 14
2 2 16 13
17 2 16 17
3 2 16 6
11 2 16 15
13 2 16 14
12 12 16 4
4 12 16 10
17 3 16 2
9 3 16 8
11 3 16 9
14 3 16 12
17 1 16 9
1 1 16 9
12 4 16 7
11 4 16 12
7 4 16 5
1 9 16 2
2 8 16 2
3 8 16 8
2 10 16 1
15 10 16 17
14 10 16 10
7 10 16 11
16 11 16 5
15 11 16 13
8 11 16 7
3 14 16 10
1 14 16 9
1 14 16 8
8 14 16 5
10 14 16 17
5 5 16 12
8 13 16 1
11 13 16 14
5 13 16 15
13 13 16 5
10 6 6 9
10 6 6 7
7 6 6 1
13 6 6 15
8 2 6 9
12 15 6 14
1 15 6 14
8 15 6 9
7 15 6 3
9 17 6 10
10 17 6 9
11 12 6 1
11 12 6 7
17 3 6 8
4 3 6 10
10 3 6 3
13 3 6 7
12 1 6 5
7 4 6 10
14 9 6 13
17 8 6 13
15 11 6 7
17 11 6 1
11 11 6 9
10 14 6 13
5 14 6 9
17 7 6 15
1 7 6 5
8 7 6 12
11 7 6 14
15 5 6 11
10 5 6 17
17 13 6 7
3 13 6 8
8 13 6 12
7 13 6 11
11 2 2 4
15 15 2 12
15 15 2 3
15 15 2 10
1 15 2 5
9 15 2 15
7 15 2 10
5 15 2 5
12 17 2 8
2 12 2 10
2 12 2 13
12 12 2 17
2 12 2 10
15 1 2 3
8 1 2 13
3 4 2 3
3 4 2 1
13 4 2 7
4 8 2 4
4 8 2 10
13 8 2 4
4 11 2 7
14 11 2 15
5 14 2 5
15 7 2 11
17 7 2 11
9 13 2 3
8 13 2 7
12 17 15 8
8 17 15 14
12 3 15 12
3 1 15 9
1 1 15 5
8 4 15 14
11 4 15 7
5 4 15 3
9 9 15 9
10 9 15 11
4 8 15 5
4 10 15 1
17 11 15 8
10 14 15 7
14 14 15 9
4 7 15 7
3 5 15 7
4 5 15 3
1 17 17 14
13 12 17 4
1 3 17 10
14 3 17 14
5 1 17 4
17 4 17 5
12 4 17 1
7 4 17 1
12 9 17 12
9 9 17 11
3 8 17 4
5 10 17 3
5 10 17 13
13 10 17 9
3 11 17 13
1 11 17 14
11 11 17 11
1 14 17 12
5 7 17 14
13 7 17 4
10 5 17 1
10 5 17 14
7 5 17 12
13 5 17 5
13 12 12 4
1 3 12 13
14 3 12 9
3 4 12 1
7 4 12 9
12 9 12 7
14 8 12 14
12 10 12 11
8 10 12 13
13 10 12 5
1 11 12 9
8 7 12 10
3 5 12 8
3 13 12 7
5 13 12 5
5 13 12 13
10 3 3 13
11 3 3 4
7 3 3 9
1 4 3 9
10 4 3 10
1 8 3 14
4 11 3 13
7 11 3 14
10 14 3 11
10 14 3 5
1 1 1 11
7 4 1 8
4 8 1 8
4 8 1 11
10 8 1 9
8 10 1 7
9 11 1 13
5 11 1 9
4 14 1 5
8 14 1 5
9 9 4 10
11 9 4 14
13 8 4 11
7 5 4 13
5 9 9 13
10 8 9 8
8 10 9 5
7 11 9 5
13 8 8 14
14 10 8 10
7 14 10 11
5 7 11 7
7 13 11 13
5 13 14 13