9 9
0 0 1 3
0 0 3 1
0 0 3 2
0 0 3 4
0 1 5 4
0 1 6 3
0 1 6 4
0 1 7 4
0 1 9 4
0 1 13 1
0 1 13 2
0 2 5 3
0 2 6 1
0 2 6 2
0 2 7 2
0 2 8 2
0 2 9 3
0 2 11 1
0 2 12 2
0 3 7 3
0 3 9 2
0 3 10 2
0 3 12 3
0 3 12 4
0 4 8 1
0 4 8 3
0 4 9 1
0 4 10 3
0 4 10 4
0 4 12 1
0 4 13 1
0 4 13 4
5 5 13 7
5 6 8 8
5 6 8 9
5 6 10 10
5 7 5 9
5 7 7 13
5 8 10 11
5 8 10 13
5 8 13 9
5 9 5 12
5 9 6 7
5 9 6 11
5 9 8 8
5 9 9 7
5 9 12 12
5 9 13 6
5 10 7 7
5 11 7 13
5 11 8 8
5 12 10 9
5 12 13 12
6 6 8 10
6 6 10 13
6 6 11 12
6 6 13 11
6 7 13 7
6 8 11 7
6 8 11 11
6 8 12 13
6 11 7 7
6 11 9 10
6 12 7 11
6 13 7 13
7 7 11 11
7 8 12 11
7 9 11 11
7 9 13 11
7 10 8 12
7 10 10 10
8 8 10 10
8 8 10 12
8 12 12 11
8 12 13 10
8 13 12 10
9 9 9 11
9 12 11 10
9 13 11 10
10 13 13 12
11 13 12 12
