8 8
0 0 1 3
0 0 2 2
0 0 2 3
0 0 3 3
0 1 4 1
0 1 6 1
0 1 7 2
0 1 7 3
0 1 8 1
0 1 9 1
0 1 10 1
0 1 11 2
0 1 11 3
0 2 5 1
0 2 5 2
0 2 6 2
0 2 7 3
0 2 8 1
0 2 9 3
0 2 10 1
0 3 4 3
0 3 5 1
0 3 5 2
0 3 5 3
0 3 6 1
0 3 6 2
0 3 7 2
0 3 11 2
4 4 4 7
4 5 5 8
4 5 6 7
4 5 6 8
4 5 10 10
4 6 5 8
4 6 10 9
4 7 6 11
4 7 10 11
4 7 11 9
4 8 6 5
4 8 6 10
4 8 7 6
4 8 9 8
4 9 9 7
4 10 9 11
4 11 8 10
4 11 11 11
5 6 5 11
5 6 8 11
5 7 5 9
5 7 8 9
5 7 9 11
5 8 9 7
5 10 7 6
5 11 8 9
6 6 7 10
6 7 7 10
6 7 9 8
6 8 9 10
6 9 9 7
6 11 10 10
7 10 8 8
8 10 11 10
9 9 9 11
10 10 11 11
