14 14
0 0 2 4
0 0 3 2
0 0 4 2
0 0 5 3
0 1 6 3
0 1 8 1
0 1 8 5
0 1 10 2
0 1 13 1
0 1 14 3
0 1 15 2
0 1 15 3
0 1 16 5
0 1 19 5
0 1 20 1
0 2 7 3
0 2 7 4
0 2 8 2
0 2 8 4
0 2 9 2
0 2 11 4
0 2 13 3
0 2 14 5
0 2 16 1
0 2 18 2
0 3 9 1
0 3 11 5
0 3 12 3
0 3 13 1
0 3 15 1
0 3 16 4
0 3 17 2
0 3 18 3
0 3 19 4
0 4 6 1
0 4 6 5
0 4 8 1
0 4 10 1
0 4 11 2
0 4 11 4
0 4 16 2
0 4 17 4
0 4 20 5
0 5 7 3
0 5 7 4
0 5 9 5
0 5 11 1
0 5 13 5
0 5 14 2
0 5 15 5
0 5 17 4
0 5 19 3
6 6 12 12
6 6 17 12
6 6 17 13
6 7 8 7
6 7 9 12
6 7 11 11
6 7 13 16
6 7 14 20
6 7 16 14
6 8 7 19
6 8 11 18
6 9 7 9
6 9 10 16
6 9 15 15
6 10 16 8
6 10 16 15
6 11 17 10
6 12 9 9
6 12 14 8
6 13 14 13
6 13 20 10
6 14 9 15
6 14 15 17
6 15 18 8
6 15 18 16
6 15 18 18
6 16 17 12
6 16 17 19
6 17 8 14
6 17 9 16
6 18 7 13
6 18 8 15
6 18 18 7
6 18 19 15
6 20 18 10
6 20 20 17
7 8 8 9
7 8 10 18
7 8 17 16
7 9 12 10
7 10 9 19
7 10 11 10
7 10 19 14
7 11 17 11
7 11 18 15
7 13 9 20
7 14 13 17
7 14 16 8
7 15 18 10
7 16 14 11
7 16 16 19
7 17 11 11
7 17 13 8
7 17 15 10
7 17 16 17
7 17 17 12
7 17 18 13
7 18 8 20
7 19 12 16
7 20 10 12
7 20 11 12
7 20 12 16
7 20 15 16
8 9 10 14
8 10 8 14
8 10 12 14
8 10 13 15
8 11 10 14
8 11 11 18
8 12 16 20
8 12 20 14
8 13 16 9
8 14 20 10
8 14 20 13
8 15 10 18
8 15 12 11
8 17 16 9
8 17 17 9
8 18 15 15
8 18 18 12
8 19 9 17
8 19 12 13
8 19 12 17
8 20 13 19
9 9 14 12
9 9 14 18
9 9 14 19
9 10 10 20
9 10 17 16
9 11 10 18
9 11 19 19
9 13 12 13
9 14 9 17
9 14 13 19
9 15 11 15
9 16 12 15
9 16 12 20
9 16 19 15
9 19 11 15
9 19 20 16
9 20 15 19
10 10 18 14
10 11 10 16
10 11 15 19
10 13 12 18
10 14 12 13
10 14 12 18
10 15 13 13
10 16 15 19
10 17 11 19
10 18 20 17
10 20 18 12
10 20 20 11
11 11 16 18
11 12 14 13
11 13 12 16
11 13 19 13
11 14 12 13
11 14 13 17
11 14 15 17
11 15 12 14
11 16 14 15
11 18 13 14
11 19 20 18
11 20 19 20
12 13 19 17
12 15 14 19
12 15 16 19
12 15 19 20
12 16 17 13
12 17 13 13
12 19 14 19
12 19 19 19
12 20 17 20
13 17 16 19
13 18 14 19
13 18 14 20
13 20 16 16
13 20 18 15
14 16 20 16
14 20 20 20
15 15 18 18
15 20 17 17
17 18 19 18
