12 12
0 0 1 1
0 0 1 3
0 0 2 3
0 0 3 1
0 1 5 3
0 1 7 2
0 1 9 4
0 1 10 1
0 1 10 3
0 1 10 4
0 1 12 1
0 1 12 2
0 1 14 3
0 2 5 2
0 2 6 1
0 2 6 2
0 2 7 1
0 2 7 4
0 2 8 4
0 2 9 1
0 2 12 2
0 2 14 3
0 2 15 3
0 3 6 4
0 3 9 2
0 3 10 1
0 3 11 2
0 3 11 3
0 3 12 1
0 3 12 2
0 3 13 2
0 3 14 4
0 3 16 4
0 4 5 2
0 4 5 4
0 4 6 3
0 4 6 4
0 4 8 4
0 4 10 2
0 4 11 4
0 4 13 1
0 4 13 3
0 4 14 3
0 4 15 1
5 5 6 11
5 5 7 8
5 5 9 15
5 5 13 12
5 6 5 13
5 6 7 14
5 6 13 8
5 6 14 11
5 7 7 8
5 7 7 12
5 7 11 9
5 7 13 12
5 9 7 16
5 9 15 10
5 10 6 6
5 10 8 6
5 10 11 15
5 11 9 7
5 11 10 6
5 12 11 14
5 13 11 16
5 14 7 6
5 14 7 8
5 14 11 16
5 14 14 14
5 15 7 7
5 16 10 11
5 16 15 14
5 16 16 12
6 6 7 7
6 7 12 8
6 8 10 8
6 8 10 9
6 9 9 12
6 10 11 9
6 10 12 11
6 11 6 13
6 11 7 9
6 11 16 9
6 12 8 13
6 13 10 13
6 13 14 11
6 14 9 16
6 15 8 8
6 15 10 8
6 15 15 9
6 16 7 10
6 16 8 9
6 16 8 13
6 16 13 7
7 7 14 14
7 8 9 12
7 8 15 8
7 8 15 15
7 10 16 8
7 11 12 12
7 12 10 11
7 12 13 13
7 12 14 12
7 13 10 11
7 13 12 16
7 15 8 13
7 16 14 15
7 16 16 10
8 8 12 16
8 8 13 14
8 10 14 11
8 10 15 11
8 10 15 13
8 11 12 9
8 12 12 13
8 13 13 15
8 14 9 10
8 14 16 16
8 15 10 13
8 15 13 11
8 15 15 11
9 9 9 13
9 9 10 15
9 10 9 14
9 11 15 12
9 11 15 16
9 12 11 15
9 12 13 13
9 13 10 16
9 15 11 15
9 15 14 13
9 15 16 15
9 16 13 11
10 11 16 16
10 14 14 14
10 15 11 14
10 15 13 15
10 16 12 16
10 16 16 14
11 14 16 15
11 16 16 12
12 12 14 14
12 13 14 13
12 14 12 16
