GENERAZIONE,MAX,MEDIA,VARIANZA
020.000000
10.820000
7.846063

120.000000
10.840000
8.842830

220.000000
11.370000
8.902122

320.000000
10.880000
10.207674

420.000000
11.230000
10.885957

520.000000
11.750000
10.270202

620.000000
11.940000
10.461015

719.000000
11.610000
9.876664

819.000000
11.420000
9.074343

920.000000
11.820000
9.138992

1020.000000
11.760000
8.931714

1120.000000
11.920000
9.468285

1219.000000
11.670000
6.102120

1319.000000
11.670000
7.132422

1418.000000
11.620000
7.833940

1518.000000
11.480000
8.090502

1618.000000
11.500000
7.848485

1718.000000
11.510000
8.535254

1821.000000
11.730000
9.249599

1921.000000
11.900000
8.777777

2021.000000
12.150000
8.108587

2121.000000
12.080000
9.064245

2221.000000
12.420000
9.114743

2321.000000
12.810000
8.216062

2421.000000
13.250000
7.300505

2519.000000
13.170000
7.193028

2620.000000
13.170000
7.536465

2722.000000
13.060000
9.390298

2822.000000
13.400000
10.060603

2921.000000
13.270000
9.411216

3022.000000
13.700000
11.525252

3122.000000
13.880000
12.086458

3224.000000
14.400000
12.888889

3324.000000
14.640000
11.000401

3423.000000
14.930000
11.803136

3523.000000
15.510000
8.878688

3623.000000
15.670000
9.900101

3724.000000
15.890000
10.765550

3824.000000
16.480000
10.979392

3924.000000
16.770000
8.623334

4024.000000
16.930000
9.318286

4124.000000
17.389999
10.280695

4224.000000
18.100000
10.212117

4324.000000
18.270000
9.229399

4424.000000
18.620001
8.217775

4524.000000
18.610001
7.533231

4626.000000
19.040001
6.564037

4726.000000
19.459999
6.796365

4826.000000
19.840000
6.580203

4926.000000
20.350000
7.542925

5026.000000
20.820000
6.694547

5126.000000
21.150000
7.845960

5226.000000
21.620001
7.995556

5326.000000
21.930000
7.197076

5426.000000
22.379999
6.702627

5526.000000
22.750000
6.714646

5626.000000
23.010000
6.676668

5726.000000
23.620001
5.389495

5826.000000
23.959999
4.988283

5926.000000
24.120001
5.116766

6026.000000
24.450001
3.946971

6126.000000
24.660000
4.044849

6226.000000
25.230000
1.734444

6326.000000
25.260000
1.749899

6426.000000
25.330000
1.496060

6526.000000
25.490000
0.999899

6626.000000
25.590000
0.749394

6726.000000
25.629999
0.720303

6826.000000
25.670000
0.586970

6926.000000
25.740000
0.456970

7026.000000
25.660000
0.630707

7126.000000
25.750000
0.492424

7226.000000
25.680000
0.603636

7326.000000
25.709999
0.551414

7426.000000
25.690001
0.640303

7526.000000
25.750000
0.532828

7626.000000
25.799999
0.424242

7726.000000
25.889999
0.179697

7826.000000
25.850000
0.229798

7926.000000
25.850000
0.189394

8026.000000
25.799999
0.303030

8126.000000
25.870001
0.174848

8226.000000
25.900000
0.131313

8326.000000
25.900000
0.151515

8426.000000
25.910000
0.143333

8526.000000
25.940001
0.097374

8626.000000
25.940001
0.077172

8726.000000
25.910000
0.123131

8826.000000
25.920000
0.114747

8926.000000
25.969999
0.029394

9026.000000
25.969999
0.029394

9126.000000
25.980000
0.019798

9226.000000
25.990000
0.010000

9326.000000
26.000000
0.000000

9426.000000
26.000000
0.000000

9526.000000
26.000000
0.000000

9626.000000
26.000000
0.000000

9726.000000
26.000000
0.000000

9826.000000
26.000000
0.000000

9926.000000
26.000000
0.000000

10026.000000
26.000000
0.000000

